8.081173443739028128e-01 5.059674646686171950e-01 5.424913052200857067e-01 6.657350743860904752e-01 3.941266022568453709e-01
7.362036241700293804e-01 6.943674394766546909e-01 5.926534151294132746e-01 2.733486983540697746e-01 5.334326814534090522e-01
6.529510100189348520e-01 5.442924842697416388e-01 7.382363437794330352e-01 6.081464449930549243e-01 4.715234814127674534e-01
5.668747614587064110e-01 8.196261820762970052e-01 7.932937025483689508e-01 6.495613084814471083e-01 6.607914991461222298e-01
5.240116882569840762e-01 7.124232447032415871e-01 8.036492999790357805e-01 8.913031321511328819e-01 7.074842465904995770e-01
6.263705435322972637e-01 8.208136156708724096e-01 8.378367947931200099e-01 5.674600647577400236e-01 7.715203550064255733e-01
9.451899502463402269e-01 7.239943156484562881e-01 7.562174236051237841e-01 9.732326854492475698e-01 7.813913101730464161e-01
1.032757703623586876e+00 7.318504666871156195e-01 4.064111575290998979e-01 8.319398385768854709e-01 5.824403244001606916e-01
7.069087259754537333e-01 6.633604077233410390e-01 7.113494035718628261e-01 8.155866267006972592e-01 4.161218333258350222e-01
4.147032830781590684e-01 6.054699396719649407e-01 3.881800011350424739e-01 5.141079307367647511e-01 7.258944117173292687e-01
7.366796742714567525e-01 9.214044485669584672e-01 5.566091638306365219e-01 3.284053045599442666e-01 6.865497480702899002e-01
5.808614945700748544e-01 6.856242791095463751e-01 9.266829219071353041e-01 3.186618697739497241e-01 7.670126742288425614e-01
4.996890770671198467e-01 7.472378150489474846e-01 2.587259722245197069e-01 5.914334541837753534e-01 8.491902927340293505e-01
5.442300278612260955e-01 6.742224275838886172e-01 5.339389835048482524e-01 5.446813021825833712e-01 8.204959781260162677e-01
7.318905063449352433e-01 4.978335608153899305e-01 4.176448593328485059e-01 6.806654618172410798e-01 4.429350882749042984e-01
6.431763373773168313e-01 7.619080148797257035e-01 8.263569298895444559e-01 4.053315806937532462e-01 4.345003475792744707e-01
5.724345819155437498e-01 6.201240114153027116e-01 6.198421984121397221e-01 7.087919204649459903e-01 6.654846862803363017e-01
9.565653041953093849e-01 4.546490239924384502e-01 7.652389258079740353e-01 6.533150761294060915e-01 4.497644307506683536e-01
3.929229619255819039e-01 4.806246936868345809e-01 4.824496299536059629e-01 6.191695964786672057e-01 8.302404336370052818e-01
4.081226425135296987e-01 4.040554368443837752e-01 5.306241612486940484e-01 8.413046419899586903e-01 8.208785723495939379e-01
7.911831958598515291e-01 6.725556185121120967e-01 6.415324609871183581e-01 7.384553459475327042e-01 3.021587278493588768e-01
5.593256665524029003e-01 8.137650994926967085e-01 5.377209486145400064e-01 7.328483398955111250e-01 7.330230280272255206e-01
8.075968844933866242e-01 7.384435407196406898e-01 7.758819019974090292e-01 6.810880979304529959e-01 6.535082560218270498e-01
6.421989150383149436e-01 3.181071029280782003e-01 5.490045723745015094e-01 6.238107102796177639e-01 8.367937924234392089e-01
7.068228105055920363e-01 5.968801844927162925e-01 2.108113430442393466e-01 5.661408134730364639e-01 8.229221080387504328e-01
6.463280415616008412e-01 5.775206716630620907e-01 9.322801400276972128e-01 5.781766688391944964e-01 5.889215304732745571e-01
9.070533637630034951e-01 1.027400382427171799e+00 7.897063753770896533e-01 6.726410395027733191e-01 1.092797969626449595e+00
6.002477762307274478e-01 7.608308608399323436e-01 4.278182584365069485e-01 7.648734904073980490e-01 8.242507379579964155e-01
3.193381330695064801e-01 8.498231244572588272e-01 5.931105041404656220e-01 6.442450940164614615e-01 6.273346671837657373e-01
3.901669613842304041e-01 7.516949565941527522e-01 4.578931275237917986e-01 4.458583066970912001e-01 7.018950434217730017e-01
6.467035507078328083e-01 7.946208988554507302e-01 8.555195820101737514e-01 7.096525232190167287e-01 4.746760186435987072e-01
9.817656889168246970e-01 4.204150083553995776e-01 5.130632035628079901e-01 5.454968222862562888e-01 9.531523943450870284e-01
8.560105558829935735e-01 4.054125095999822070e-01 9.007505741091307305e-01 4.221997808166718102e-01 4.447482037617399575e-01
6.400001744777661372e-01 7.203588581460729223e-01 1.042494323208036811e+00 1.027198009558522473e+00 7.984930880108531692e-01
3.373873252317765026e-01 6.158416131695862994e-01 6.970761189780517730e-01 2.379402544745473636e-01 4.587663230846089069e-01
8.409033509413939012e-01 6.509464658307446694e-01 4.698048138105478944e-01 5.727689549995302887e-01 4.855910974891836096e-01
6.088878073319256012e-01 4.318487966640756626e-01 8.763973385592253029e-01 4.688359367641338205e-01 7.236297392016627361e-01
5.560646133602199503e-01 5.771591222167554713e-01 1.133564164246104594e-01 6.610402904070598051e-01 6.851395149888802605e-01
9.281179771790909472e-01 4.311944959856267579e-01 8.270909004443106616e-01 9.321234550838862765e-01 6.463060762944857762e-01
5.853407035645157297e-01 6.315608776593554241e-01 3.768403171499346005e-01 2.316261135551410943e-01 8.435415618193986553e-01
9.241592727873371160e-01 3.185360468157376612e-01 1.397351236527489271e-01 2.360334714727048422e-01 3.358217430172374396e-01
7.130182490781692417e-01 6.810811493487476387e-01 6.232509095820173428e-01 7.471602169608516641e-01 4.452241795459349061e-01
8.814028867144013679e-01 9.750741411447462204e-01 1.082677093982929328e+00 7.977420947387623418e-01 7.912946410798379349e-01
6.029965289617842394e-01 6.545389449817725636e-01 3.812519179520209023e-01 7.925138158913715980e-01 4.264292188030208153e-01
3.074485879981525005e-01 6.079466134200005589e-01 4.383123048410779155e-01 8.431781610184339026e-01 3.994953940633516054e-01
6.207710851185047618e-01 6.842538371885573678e-01 4.510246949664949434e-01 7.037685650211704669e-01 6.572364876538517864e-01
5.218069586828626427e-01 5.475686305843481261e-01 7.371649481824381622e-01 3.782310306567624458e-01 6.938566783914595915e-01
6.137007482555196791e-01 4.804180947085158748e-01 9.349888113207236451e-01 4.017277749070350956e-01 3.359056512637866310e-01
8.499017361737186693e-01 8.078651627477767549e-01 6.543709568531366205e-01 7.603719390051624227e-01 8.087152643165641530e-01
5.220569366853132776e-01 6.681818553019812645e-01 5.360569460208141068e-01 8.807712391483195624e-01 6.386593567691676299e-01
4.661086731412336093e-01 5.892938515755027362e-01 6.061262314462804168e-01 7.109496228951363017e-01 7.460552983587118714e-01
8.642236627156066886e-01 4.770029548127133756e-01 5.712122791945049016e-01 8.429329538136046684e-01 6.355192293981175577e-01
8.552446704393783516e-01 6.832380011358446525e-01 6.929711951971340156e-01 6.435927077420560138e-01 3.199071878134220337e-01
5.821139348315059747e-01 7.869241469031147407e-01 7.977411998958376937e-01 1.022783798385692000e+00 6.260620950320389122e-01
7.588167921845871966e-01 7.569652603623315823e-01 9.876250476511138077e-01 5.473273204980507733e-01 1.089792388592313088e+00
8.084611460962065621e-01 7.902855394328128780e-01 5.844706708499028958e-01 8.073851575963165716e-01 6.486456803993637665e-01
8.300618187469817055e-01 5.737543351960022742e-01 4.405546552933238824e-01 3.070801778682561434e-01 3.900731801448700797e-01
5.208197888030106082e-01 4.030584448769815586e-01 6.546806174954753477e-01 9.798229837107226281e-01 4.402497806434498284e-01
5.002358853045945075e-01 7.183110474017599945e-01 9.401403403110989432e-01 6.293540489624203094e-01 5.098855449873578305e-01
5.228703948011445002e-01 6.094227509695054890e-01 5.427991102897983255e-01 7.272298402155936703e-01 7.984790491214149855e-01
5.614932704648848416e-01 4.812852729753193115e-01 2.252030062918194686e-01 6.019059621797413495e-01 6.466997448687704653e-01
4.455213585122524966e-01 3.555107064640751768e-01 5.508961709161606102e-01 8.532770597311557514e-01 7.465470352679567378e-01
3.166315534313891011e-01 3.059325963332353293e-01 6.160661140545200531e-01 4.737141344701562007e-01 6.243514335321300734e-01
4.033901034125106921e-01 3.305566338188825615e-01 5.215577043396415480e-01 6.325365372768652072e-01 5.016043152356873813e-01
